Total NaN values in the features DataFrame: 17,923,251 / 48,838,239 (36.7%)
[SoftImpute] Max Singular Value of X_init = 3338.335090
[SoftImpute] Iter 1: observed MAE=0.011910 rank=31
[SoftImpute] Iter 2: observed MAE=0.011690 rank=30
[SoftImpute] Iter 3: observed MAE=0.011510 rank=29
[SoftImpute] Iter 4: observed MAE=0.011392 rank=29
[SoftImpute] Iter 5: observed MAE=0.011313 rank=29
[SoftImpute] Stopped after iteration 100 for lambda=66.766702
Total NaN values in the imputed features DataFrame: 0 / 48,838,239 (0.0%)


[5 rows x 43 columns]
Rank of imputed features matrix: 42
Original matrix preview: 
   turnover  shareholders_funds  profit_loss_pretax  employees  tangibles  \
0  0.083384            0.010006            0.007452   0.741957   0.040897   
1 -0.007825           -0.014382           -0.000154  -0.080087  -0.036997   
2 -0.009082           -0.015178            0.000022  -0.081742        NaN   
3  0.060551            0.026858            0.012361   1.300466   0.323743   
4 -0.008910           -0.015493           -0.000103  -0.086086        NaN   

   tangibles_land_and_buildings  tangibles_land_freehold  \
0                      0.025370                      NaN   
1                           NaN                      NaN   
2                           NaN                      NaN   
3                      0.181204                      NaN   
4                           NaN                      NaN   

   tangibles_land_leasehold  tangibles_fixt_fit  tangibles_plant_and_vehicles  \
0                       NaN                 NaN                           NaN   
1                       NaN                 NaN                           NaN   
2                       NaN                 NaN                           NaN   
3                       NaN                 NaN                           NaN   
4                       NaN                 NaN                           NaN   

   ...    ebitda  consolidated_flag  latest_accounts_years  has_guo  \
0  ...  0.010289                  1               0.348638        1   
1  ... -0.000770                  1               0.349546        1   
2  ... -0.000565                  1              -2.634502        0   
3  ...  0.023314                  1              -1.945457        1   
4  ... -0.000686                  1              -3.934520        0   

   entity_type__GUO  entity_type__Controlled subs.  \
0               NaN                            1.0   
1               NaN                            1.0   
2               NaN                            NaN   
3               NaN                            1.0   
4               NaN                            NaN   

   entity_type__Single location  entity_type__Independent co  \
0                           NaN                          NaN   
1                           NaN                          NaN   
2                           1.0                          NaN   
3                           NaN                          NaN   
4                           1.0                          NaN   

   entity_type__Unknown  entity_type__missing  
0                   NaN                   NaN  
1                   NaN                   NaN  
2                   NaN                   NaN  
3                   NaN                   NaN  
4                   NaN                   NaN  

Imputed matrix preview: 
[[ 8.33839699e-02  1.00058029e-02  7.45171484e-03  7.41956562e-01
   4.08974740e-02  2.53697002e-02  6.34939614e-03  8.56409202e-02
   5.28915877e-02  4.03341025e-02  1.70033270e-02  4.84196150e-02
   1.95157514e-02  5.88536174e-02 -3.08411570e-02  6.25541425e-03
  -1.28795015e-02  8.80693999e-03  1.60834417e-02 -5.21061892e-02
  -3.54106488e-02 -4.83599855e-02  4.62346433e-04 -3.70091338e-02
  -2.56341347e-02  5.59179853e-02  2.96330032e-03  5.47253366e-02
   5.98003889e-02  3.35276526e-02  3.43679715e-01  1.73937269e-02
   1.21727890e-03  1.02888001e-02  1.00000000e+00  3.48638111e-01
   1.00000000e+00  7.13765947e-01  1.00000000e+00  2.72670072e-01
   1.63089160e-01  8.04041994e-06  0.00000000e+00]
 [-7.82481616e-03 -1.43815358e-02 -1.53535700e-04 -8.00870061e-02
  -3.69968859e-02 -2.53735763e-02 -2.68545616e-02 -1.78231424e-02
  -6.28377490e-03 -1.48034666e-02 -2.14648275e-02 -6.10896581e-03
  -2.81967152e-02 -2.86408232e-02 -2.40529672e-02 -2.40387034e-02
   2.18635639e-02 -2.37683985e-02  1.49773898e-02  6.65724702e-03
   7.06538201e-03  1.18665467e-02  1.12056848e-03  1.02906966e-02
   1.04604186e-02 -1.72330566e-02 -4.49416070e-03 -8.41787247e-03
  -9.67349006e-03 -7.16481149e-03 -1.32459164e-02 -8.44080133e-03
  -5.35554392e-05 -7.70011057e-04  1.00000000e+00  3.49545944e-01
   1.00000000e+00  7.09057493e-01  1.00000000e+00  2.89986120e-01
   1.72625359e-01  8.45069638e-06  0.00000000e+00]
 [-9.08249759e-03 -1.51779716e-02  2.21515637e-05 -8.17418497e-02
  -2.24250862e-02 -2.00834221e-02 -2.31096971e-02 -1.74038976e-02
  -1.06711611e-02 -1.75209121e-02 -2.02925563e-02 -1.33530103e-02
  -1.77524286e-02 -2.87864242e-02 -2.36695693e-02 -2.40654533e-02
   2.22484270e-02 -2.42313632e-02  1.64052286e-02  7.64324312e-03
   5.12754186e-03  1.21387488e-02  4.84266439e-04  9.37863152e-03
   1.16943184e-02 -1.33428693e-02 -3.10613092e-03 -8.78409320e-03
  -9.83807619e-03 -7.34160094e-03 -2.25573147e-02 -5.48734590e-03
  -9.42511542e-03 -5.65488713e-04  1.00000000e+00 -2.63450243e+00
   0.00000000e+00  6.21648488e-02  2.13940216e-01  1.00000000e+00
   2.45353859e-01  3.03735880e-03  0.00000000e+00]
 [ 6.05505567e-02  2.68579889e-02  1.23613539e-02  1.30046628e+00
   3.23743098e-01  1.81204050e-01  1.87832869e-01  1.76235800e-01
   8.36068472e-02  1.55395040e-01  1.12800370e-01  1.09090263e-01
   1.34982334e-01 -4.98013986e-02 -1.94191359e-03  6.59276161e-02
   1.10773872e-03  2.04059691e-02 -4.91132157e-02 -3.13410667e-02
  -2.81381582e-02 -2.68137807e-02  1.39726831e-02 -7.41641595e-02
  -4.09429843e-02  1.09987507e-01 -1.34545454e-03  6.78629139e-02
   8.85790530e-02  3.51392354e-02  2.87620203e-02 -3.52205921e-03
   4.23638135e-03  2.33140060e-02  1.00000000e+00 -1.94545688e+00
   1.00000000e+00  5.76706450e-01  1.00000000e+00  3.65219436e-01
  -4.42592881e-02  2.26645352e-03  0.00000000e+00]
 [-8.91007661e-03 -1.54933654e-02 -1.03212685e-04 -8.60858142e-02
  -2.15020242e-02 -1.88707318e-02 -2.10411221e-02 -2.30140717e-02
  -1.03157977e-02 -1.70482612e-02 -1.94263505e-02 -1.22668582e-02
  -1.64135627e-02 -3.06859863e-02 -1.92189231e-02 -1.57542872e-02
   2.23550998e-02 -2.43802835e-02  1.42825729e-02  7.37131404e-03
   4.96748931e-03  1.13912882e-02  5.07914807e-04  9.35655902e-03
   1.25984302e-02 -1.26023699e-02 -3.01726233e-03 -9.10249072e-03
  -1.02529381e-02 -7.57938531e-03 -2.23231379e-02 -4.59509496e-03
  -1.05630742e-02 -6.86302000e-04  1.00000000e+00 -3.93451985e+00
   0.00000000e+00 -3.95153158e-02  1.12816971e-01  1.00000000e+00
   1.11559112e-01  4.30175797e-03  0.00000000e+00]]
